Accuracy: 0.23677737
Bleu: 0.30357556
DTW: 52.56324896
