Accuracy: 0.25782503
Bleu: 0.27505187
DTW: 23.64863669
