Accuracy: 0.25288821
Bleu: 0.28406277
DTW: 32.01813846
